Package Name,Original Database Name,Original Path of Database,Table Name,Line ID,_id,category_id,icon_image,name,annotation_id,start_time,end_time,is_featured,is_promoted,promoted_by
